# Created by Octave 4.2.0, Thu Apr 20 19:25:11 2017 GMT <unknown@unknown>
# name: a
# type: matrix
# rows: 4
# columns: 4
 1 1 1 1
 1 1 1 1
 1 1 1 1
 1 1 1 1


